0.000000000000000000e+00
5.263157894736841813e-01
5.555555555555555802e-01
0.000000000000000000e+00
1.000000000000000000e+00
1.000000000000000000e+00
1.000000000000000000e+00
0.000000000000000000e+00
0.000000000000000000e+00
-9.524028777217908859e-01
0.000000000000000000e+00
0.000000000000000000e+00
0.000000000000000000e+00
0.000000000000000000e+00
0.000000000000000000e+00
0.000000000000000000e+00
6.666666666666666297e-01
6.250000000000000000e-02
0.000000000000000000e+00
5.000000000000000000e-01
