1.000000000000000000e+00
1.000000000000000000e+01
5.000000000000000000e+00
2.200000000000000000e+02
2.200000000000000000e+02
2.200000000000000000e+02
2.200000000000000000e+02
1.000000000000000000e+00
1.000000000000000000e+00
1.866910008782144192e+00
9.700000000000000000e+01
2.600000000000000000e+01
5.900000000000000000e+01
1.400000000000000000e+01
2.500000000000000000e+01
5.000000000000000000e+00
1.500000000000000000e+00
1.500000000000000000e+00
2.000000000000000000e+00
2.000000000000000000e+00
